<?xml version="1.0"?>
<opencv_storage>
<CornersAmount>48</CornersAmount>
<Corner_0>
  297 417</Corner_0>
<Corner_1>
  312 417</Corner_1>
<Corner_2>
  327 417</Corner_2>
<Corner_3>
  342 417</Corner_3>
<Corner_4>
  357 417</Corner_4>
<Corner_5>
  372 417</Corner_5>
<Corner_6>
  387 417</Corner_6>
<Corner_7>
  402 417</Corner_7>
<Corner_8>
  296 423</Corner_8>
<Corner_9>
  311 423</Corner_9>
<Corner_10>
  326 423</Corner_10>
<Corner_11>
  341 423</Corner_11>
<Corner_12>
  356 423</Corner_12>
<Corner_13>
  371 423</Corner_13>
<Corner_14>
  386 423</Corner_14>
<Corner_15>
  401 423</Corner_15>
<Corner_16>
  295 429</Corner_16>
<Corner_17>
  310 429</Corner_17>
<Corner_18>
  325 429</Corner_18>
<Corner_19>
  340 429</Corner_19>
<Corner_20>
  355 429</Corner_20>
<Corner_21>
  370 429</Corner_21>
<Corner_22>
  385 429</Corner_22>
<Corner_23>
  400 429</Corner_23>
<Corner_24>
  294 435</Corner_24>
<Corner_25>
  310 435</Corner_25>
<Corner_26>
  326 435</Corner_26>
<Corner_27>
  342 435</Corner_27>
<Corner_28>
  358 435</Corner_28>
<Corner_29>
  374 435</Corner_29>
<Corner_30>
  390 435</Corner_30>
<Corner_31>
  406 435</Corner_31>
<Corner_32>
  293 441</Corner_32>
<Corner_33>
  309 441</Corner_33>
<Corner_34>
  325 441</Corner_34>
<Corner_35>
  341 441</Corner_35>
<Corner_36>
  357 441</Corner_36>
<Corner_37>
  373 441</Corner_37>
<Corner_38>
  389 441</Corner_38>
<Corner_39>
  405 441</Corner_39>
<Corner_40>
  292 447</Corner_40>
<Corner_41>
  308 447</Corner_41>
<Corner_42>
  324 447</Corner_42>
<Corner_43>
  340 447</Corner_43>
<Corner_44>
  356 447</Corner_44>
<Corner_45>
  372 447</Corner_45>
<Corner_46>
  388 447</Corner_46>
<Corner_47>
  404 447</Corner_47>
</opencv_storage>
