<?xml version="1.0"?>
<opencv_storage>
<CornersAmount>48</CornersAmount>
<Corner_0>
  297 416</Corner_0>
<Corner_1>
  312 416</Corner_1>
<Corner_2>
  327 417</Corner_2>
<Corner_3>
  342 417</Corner_3>
<Corner_4>
  356 416</Corner_4>
<Corner_5>
  371 417</Corner_5>
<Corner_6>
  385 416</Corner_6>
<Corner_7>
  401 415</Corner_7>
<Corner_8>
  296 421</Corner_8>
<Corner_9>
  311 422</Corner_9>
<Corner_10>
  326 422</Corner_10>
<Corner_11>
  341 421</Corner_11>
<Corner_12>
  356 423</Corner_12>
<Corner_13>
  372 422</Corner_13>
<Corner_14>
  387 421</Corner_14>
<Corner_15>
  402 421</Corner_15>
<Corner_16>
  294 427</Corner_16>
<Corner_17>
  309 428</Corner_17>
<Corner_18>
  325 427</Corner_18>
<Corner_19>
  340 428</Corner_19>
<Corner_20>
  358 427</Corner_20>
<Corner_21>
  373 428</Corner_21>
<Corner_22>
  387 427</Corner_22>
<Corner_23>
  403 427</Corner_23>
<Corner_24>
  292 433</Corner_24>
<Corner_25>
  309 433</Corner_25>
<Corner_26>
  325 434</Corner_26>
<Corner_27>
  340 434</Corner_27>
<Corner_28>
  357 434</Corner_28>
<Corner_29>
  374 434</Corner_29>
<Corner_30>
  389 433</Corner_30>
<Corner_31>
  406 433</Corner_31>
<Corner_32>
  291 439</Corner_32>
<Corner_33>
  308 440</Corner_33>
<Corner_34>
  324 439</Corner_34>
<Corner_35>
  341 440</Corner_35>
<Corner_36>
  358 439</Corner_36>
<Corner_37>
  374 439</Corner_37>
<Corner_38>
  390 440</Corner_38>
<Corner_39>
  407 439</Corner_39>
<Corner_40>
  289 446</Corner_40>
<Corner_41>
  307 445</Corner_41>
<Corner_42>
  325 446</Corner_42>
<Corner_43>
  341 446</Corner_43>
<Corner_44>
  357 446</Corner_44>
<Corner_45>
  375 445</Corner_45>
<Corner_46>
  391 448</Corner_46>
<Corner_47>
  408 446</Corner_47>
</opencv_storage>
