<?xml version="1.0"?>
<opencv_storage>
<CornersAmount>48</CornersAmount>
<Corner_0>
  232 350</Corner_0>
<Corner_1>
  242 347</Corner_1>
<Corner_2>
  252 344</Corner_2>
<Corner_3>
  261 341</Corner_3>
<Corner_4>
  270 338</Corner_4>
<Corner_5>
  280 336</Corner_5>
<Corner_6>
  288 334</Corner_6>
<Corner_7>
  298 331</Corner_7>
<Corner_8>
  240 354</Corner_8>
<Corner_9>
  251 350</Corner_9>
<Corner_10>
  260 346</Corner_10>
<Corner_11>
  270 344</Corner_11>
<Corner_12>
  280 341</Corner_12>
<Corner_13>
  289 338</Corner_13>
<Corner_14>
  297 336</Corner_14>
<Corner_15>
  306 334</Corner_15>
<Corner_16>
  249 357</Corner_16>
<Corner_17>
  260 352</Corner_17>
<Corner_18>
  270 349</Corner_18>
<Corner_19>
  279 346</Corner_19>
<Corner_20>
  288 344</Corner_20>
<Corner_21>
  298 341</Corner_21>
<Corner_22>
  307 339</Corner_22>
<Corner_23>
  315 335</Corner_23>
<Corner_24>
  257 359</Corner_24>
<Corner_25>
  268 357</Corner_25>
<Corner_26>
  279 354</Corner_26>
<Corner_27>
  289 351</Corner_27>
<Corner_28>
  299 347</Corner_28>
<Corner_29>
  306 343</Corner_29>
<Corner_30>
  316 341</Corner_30>
<Corner_31>
  323 338</Corner_31>
<Corner_32>
  268 363</Corner_32>
<Corner_33>
  277 359</Corner_33>
<Corner_34>
  288 357</Corner_34>
<Corner_35>
  299 353</Corner_35>
<Corner_36>
  308 349</Corner_36>
<Corner_37>
  316 346</Corner_37>
<Corner_38>
  326 344</Corner_38>
<Corner_39>
  334 340</Corner_39>
<Corner_40>
  280 367</Corner_40>
<Corner_41>
  288 364</Corner_41>
<Corner_42>
  299 360</Corner_42>
<Corner_43>
  307 356</Corner_43>
<Corner_44>
  319 353</Corner_44>
<Corner_45>
  326 350</Corner_45>
<Corner_46>
  336 346</Corner_46>
<Corner_47>
  345 345</Corner_47>
</opencv_storage>
