<?xml version="1.0"?>
<opencv_storage>
<CornersAmount>48</CornersAmount>
<Corner_0>
  231 350</Corner_0>
<Corner_1>
  241 347</Corner_1>
<Corner_2>
  251 344</Corner_2>
<Corner_3>
  261 341</Corner_3>
<Corner_4>
  271 338</Corner_4>
<Corner_5>
  281 335</Corner_5>
<Corner_6>
  291 332</Corner_6>
<Corner_7>
  301 329</Corner_7>
<Corner_8>
  240 353</Corner_8>
<Corner_9>
  250 350</Corner_9>
<Corner_10>
  260 347</Corner_10>
<Corner_11>
  270 344</Corner_11>
<Corner_12>
  280 341</Corner_12>
<Corner_13>
  290 338</Corner_13>
<Corner_14>
  300 335</Corner_14>
<Corner_15>
  310 332</Corner_15>
<Corner_16>
  249 356</Corner_16>
<Corner_17>
  259 353</Corner_17>
<Corner_18>
  269 350</Corner_18>
<Corner_19>
  279 347</Corner_19>
<Corner_20>
  289 344</Corner_20>
<Corner_21>
  299 341</Corner_21>
<Corner_22>
  309 338</Corner_22>
<Corner_23>
  319 335</Corner_23>
<Corner_24>
  258 359</Corner_24>
<Corner_25>
  268 356</Corner_25>
<Corner_26>
  278 353</Corner_26>
<Corner_27>
  288 350</Corner_27>
<Corner_28>
  298 347</Corner_28>
<Corner_29>
  308 344</Corner_29>
<Corner_30>
  318 341</Corner_30>
<Corner_31>
  328 338</Corner_31>
<Corner_32>
  267 362</Corner_32>
<Corner_33>
  277 359</Corner_33>
<Corner_34>
  287 356</Corner_34>
<Corner_35>
  297 353</Corner_35>
<Corner_36>
  307 350</Corner_36>
<Corner_37>
  317 347</Corner_37>
<Corner_38>
  327 344</Corner_38>
<Corner_39>
  337 341</Corner_39>
<Corner_40>
  276 365</Corner_40>
<Corner_41>
  286 362</Corner_41>
<Corner_42>
  296 359</Corner_42>
<Corner_43>
  306 356</Corner_43>
<Corner_44>
  316 353</Corner_44>
<Corner_45>
  326 350</Corner_45>
<Corner_46>
  336 347</Corner_46>
<Corner_47>
  346 344</Corner_47>
</opencv_storage>
