<?xml version="1.0"?>
<opencv_storage>
<CameraMatrix type_id="opencv-matrix">
  <rows>3</rows>
  <cols>3</cols>
  <dt>d</dt>
  <data>
    2.0798591705294336e+02 0. 3.2150000000000000e+02 0.
    2.0798591705294336e+02 2.4250000000000000e+02 0. 0. 1.</data></CameraMatrix>
<DistortionCoeffs type_id="opencv-matrix">
  <rows>1</rows>
  <cols>5</cols>
  <dt>d</dt>
  <data>
    -4.8984593520316769e-02 5.1050089960133125e-04 0. 0. 0.</data></DistortionCoeffs>
</opencv_storage>
