<?xml version="1.0"?>
<opencv_storage>
<CameraMatrix type_id="opencv-matrix">
  <rows>3</rows>
  <cols>3</cols>
  <dt>d</dt>
  <data>
    4.7891472155567171e+03 0. 3.2150000000000000e+02 0.
    4.7891472155567171e+03 2.4250000000000000e+02 0. 0. 1.</data></CameraMatrix>
<DistortionCoeffs type_id="opencv-matrix">
  <rows>1</rows>
  <cols>5</cols>
  <dt>d</dt>
  <data>
    -3.2476848024959332e+02 1.2450038857771992e+05 0. 0. 0.</data></DistortionCoeffs>
</opencv_storage>
