<?xml version="1.0"?>
<opencv_storage>
<CornersAmount>48</CornersAmount>
<Corner_0>
  358 302</Corner_0>
<Corner_1>
  367 305</Corner_1>
<Corner_2>
  377 307</Corner_2>
<Corner_3>
  387 310</Corner_3>
<Corner_4>
  397 313</Corner_4>
<Corner_5>
  407 315</Corner_5>
<Corner_6>
  418 318</Corner_6>
<Corner_7>
  430 321</Corner_7>
<Corner_8>
  351 305</Corner_8>
<Corner_9>
  358 308</Corner_9>
<Corner_10>
  369 310</Corner_10>
<Corner_11>
  378 312</Corner_11>
<Corner_12>
  388 315</Corner_12>
<Corner_13>
  399 318</Corner_13>
<Corner_14>
  410 321</Corner_14>
<Corner_15>
  422 324</Corner_15>
<Corner_16>
  341 307</Corner_16>
<Corner_17>
  351 311</Corner_17>
<Corner_18>
  360 313</Corner_18>
<Corner_19>
  369 316</Corner_19>
<Corner_20>
  380 318</Corner_20>
<Corner_21>
  391 323</Corner_21>
<Corner_22>
  402 324</Corner_22>
<Corner_23>
  414 329</Corner_23>
<Corner_24>
  332 311</Corner_24>
<Corner_25>
  341 313</Corner_25>
<Corner_26>
  351 316</Corner_26>
<Corner_27>
  362 319</Corner_27>
<Corner_28>
  373 323</Corner_28>
<Corner_29>
  382 325</Corner_29>
<Corner_30>
  394 329</Corner_30>
<Corner_31>
  405 333</Corner_31>
<Corner_32>
  323 313</Corner_32>
<Corner_33>
  332 317</Corner_33>
<Corner_34>
  343 320</Corner_34>
<Corner_35>
  352 323</Corner_35>
<Corner_36>
  363 326</Corner_36>
<Corner_37>
  373 328</Corner_37>
<Corner_38>
  384 333</Corner_38>
<Corner_39>
  397 336</Corner_39>
<Corner_40>
  315 317</Corner_40>
<Corner_41>
  323 319</Corner_41>
<Corner_42>
  334 324</Corner_42>
<Corner_43>
  344 326</Corner_43>
<Corner_44>
  353 330</Corner_44>
<Corner_45>
  365 333</Corner_45>
<Corner_46>
  377 337</Corner_46>
<Corner_47>
  387 340</Corner_47>
</opencv_storage>
