<?xml version="1.0"?>
<opencv_storage>
<CornersAmount>48</CornersAmount>
<Corner_0>
  192 457</Corner_0>
<Corner_1>
  192 449</Corner_1>
<Corner_2>
  193 440</Corner_2>
<Corner_3>
  192 432</Corner_3>
<Corner_4>
  192 424</Corner_4>
<Corner_5>
  193 417</Corner_5>
<Corner_6>
  193 410</Corner_6>
<Corner_7>
  193 404</Corner_7>
<Corner_8>
  212 456</Corner_8>
<Corner_9>
  211 446</Corner_9>
<Corner_10>
  211 439</Corner_10>
<Corner_11>
  210 430</Corner_11>
<Corner_12>
  210 423</Corner_12>
<Corner_13>
  210 417</Corner_13>
<Corner_14>
  210 410</Corner_14>
<Corner_15>
  210 403</Corner_15>
<Corner_16>
  233 455</Corner_16>
<Corner_17>
  231 445</Corner_17>
<Corner_18>
  230 436</Corner_18>
<Corner_19>
  230 430</Corner_19>
<Corner_20>
  228 421</Corner_20>
<Corner_21>
  227 415</Corner_21>
<Corner_22>
  227 409</Corner_22>
<Corner_23>
  225 402</Corner_23>
<Corner_24>
  254 454</Corner_24>
<Corner_25>
  251 444</Corner_25>
<Corner_26>
  249 436</Corner_26>
<Corner_27>
  247 428</Corner_27>
<Corner_28>
  246 420</Corner_28>
<Corner_29>
  244 414</Corner_29>
<Corner_30>
  243 407</Corner_30>
<Corner_31>
  241 401</Corner_31>
<Corner_32>
  274 453</Corner_32>
<Corner_33>
  269 443</Corner_33>
<Corner_34>
  268 434</Corner_34>
<Corner_35>
  266 426</Corner_35>
<Corner_36>
  263 420</Corner_36>
<Corner_37>
  260 412</Corner_37>
<Corner_38>
  259 405</Corner_38>
<Corner_39>
  257 399</Corner_39>
<Corner_40>
  293 450</Corner_40>
<Corner_41>
  289 442</Corner_41>
<Corner_42>
  286 432</Corner_42>
<Corner_43>
  284 425</Corner_43>
<Corner_44>
  281 419</Corner_44>
<Corner_45>
  278 412</Corner_45>
<Corner_46>
  276 405</Corner_46>
<Corner_47>
  273 399</Corner_47>
</opencv_storage>
