<?xml version="1.0"?>
<opencv_storage>
<CornersAmount>48</CornersAmount>
<Corner_0>
  192 457</Corner_0>
<Corner_1>
  192 449</Corner_1>
<Corner_2>
  192 441</Corner_2>
<Corner_3>
  192 433</Corner_3>
<Corner_4>
  192 425</Corner_4>
<Corner_5>
  192 417</Corner_5>
<Corner_6>
  192 409</Corner_6>
<Corner_7>
  192 401</Corner_7>
<Corner_8>
  212 456</Corner_8>
<Corner_9>
  212 448</Corner_9>
<Corner_10>
  212 440</Corner_10>
<Corner_11>
  212 432</Corner_11>
<Corner_12>
  212 424</Corner_12>
<Corner_13>
  212 416</Corner_13>
<Corner_14>
  212 408</Corner_14>
<Corner_15>
  212 400</Corner_15>
<Corner_16>
  232 455</Corner_16>
<Corner_17>
  231 447</Corner_17>
<Corner_18>
  230 439</Corner_18>
<Corner_19>
  229 431</Corner_19>
<Corner_20>
  228 423</Corner_20>
<Corner_21>
  227 415</Corner_21>
<Corner_22>
  226 407</Corner_22>
<Corner_23>
  225 399</Corner_23>
<Corner_24>
  252 454</Corner_24>
<Corner_25>
  250 446</Corner_25>
<Corner_26>
  248 438</Corner_26>
<Corner_27>
  246 430</Corner_27>
<Corner_28>
  244 422</Corner_28>
<Corner_29>
  242 414</Corner_29>
<Corner_30>
  240 406</Corner_30>
<Corner_31>
  238 398</Corner_31>
<Corner_32>
  272 453</Corner_32>
<Corner_33>
  270 445</Corner_33>
<Corner_34>
  268 437</Corner_34>
<Corner_35>
  266 429</Corner_35>
<Corner_36>
  264 421</Corner_36>
<Corner_37>
  262 413</Corner_37>
<Corner_38>
  260 405</Corner_38>
<Corner_39>
  258 397</Corner_39>
<Corner_40>
  292 452</Corner_40>
<Corner_41>
  289 444</Corner_41>
<Corner_42>
  286 436</Corner_42>
<Corner_43>
  283 428</Corner_43>
<Corner_44>
  280 420</Corner_44>
<Corner_45>
  277 412</Corner_45>
<Corner_46>
  274 404</Corner_46>
<Corner_47>
  271 396</Corner_47>
</opencv_storage>
