<?xml version="1.0"?>
<opencv_storage>
<CornersAmount>48</CornersAmount>
<Corner_0>
  192 458</Corner_0>
<Corner_1>
  192 447</Corner_1>
<Corner_2>
  192 439</Corner_2>
<Corner_3>
  192 431</Corner_3>
<Corner_4>
  192 423</Corner_4>
<Corner_5>
  192 418</Corner_5>
<Corner_6>
  193 410</Corner_6>
<Corner_7>
  193 404</Corner_7>
<Corner_8>
  212 456</Corner_8>
<Corner_9>
  212 447</Corner_9>
<Corner_10>
  211 438</Corner_10>
<Corner_11>
  211 430</Corner_11>
<Corner_12>
  210 423</Corner_12>
<Corner_13>
  210 415</Corner_13>
<Corner_14>
  210 410</Corner_14>
<Corner_15>
  209 402</Corner_15>
<Corner_16>
  233 454</Corner_16>
<Corner_17>
  232 445</Corner_17>
<Corner_18>
  230 435</Corner_18>
<Corner_19>
  229 430</Corner_19>
<Corner_20>
  229 423</Corner_20>
<Corner_21>
  227 413</Corner_21>
<Corner_22>
  226 407</Corner_22>
<Corner_23>
  225 402</Corner_23>
<Corner_24>
  252 454</Corner_24>
<Corner_25>
  251 445</Corner_25>
<Corner_26>
  248 434</Corner_26>
<Corner_27>
  247 428</Corner_27>
<Corner_28>
  245 421</Corner_28>
<Corner_29>
  244 412</Corner_29>
<Corner_30>
  242 408</Corner_30>
<Corner_31>
  242 402</Corner_31>
<Corner_32>
  274 452</Corner_32>
<Corner_33>
  270 441</Corner_33>
<Corner_34>
  268 434</Corner_34>
<Corner_35>
  265 426</Corner_35>
<Corner_36>
  263 419</Corner_36>
<Corner_37>
  261 412</Corner_37>
<Corner_38>
  259 406</Corner_38>
<Corner_39>
  257 399</Corner_39>
<Corner_40>
  294 451</Corner_40>
<Corner_41>
  289 440</Corner_41>
<Corner_42>
  285 432</Corner_42>
<Corner_43>
  283 424</Corner_43>
<Corner_44>
  280 417</Corner_44>
<Corner_45>
  278 411</Corner_45>
<Corner_46>
  275 403</Corner_46>
<Corner_47>
  273 397</Corner_47>
</opencv_storage>
