<?xml version="1.0"?>
<opencv_storage>
<CameraMatrix type_id="opencv-matrix">
  <rows>3</rows>
  <cols>3</cols>
  <dt>d</dt>
  <data>
    7.1898955595382617e+01 0. 3.2150000000000000e+02 0.
    7.1898955595382617e+01 2.4250000000000000e+02 0. 0. 1.</data></CameraMatrix>
<DistortionCoeffs type_id="opencv-matrix">
  <rows>1</rows>
  <cols>5</cols>
  <dt>d</dt>
  <data>
    -1.1211351224539642e-02 1.8696298309705658e-05 0. 0. 0.</data></DistortionCoeffs>
</opencv_storage>
