<?xml version="1.0"?>
<opencv_storage>
<CameraMatrix type_id="opencv-matrix">
  <rows>3</rows>
  <cols>3</cols>
  <dt>d</dt>
  <data>
    7.2899750517343091e+03 0. 3.2150000000000000e+02 0.
    7.2899750517343091e+03 2.4250000000000000e+02 0. 0. 1.</data></CameraMatrix>
<DistortionCoeffs type_id="opencv-matrix">
  <rows>1</rows>
  <cols>5</cols>
  <dt>d</dt>
  <data>
    -1.3050299850805159e+01 -9.6897921642287311e+03 0. 0. 0.</data></DistortionCoeffs>
</opencv_storage>
