<?xml version="1.0"?>
<opencv_storage>
<CornersAmount>48</CornersAmount>
<Corner_0>
  358 302</Corner_0>
<Corner_1>
  368 305</Corner_1>
<Corner_2>
  378 308</Corner_2>
<Corner_3>
  388 311</Corner_3>
<Corner_4>
  398 314</Corner_4>
<Corner_5>
  408 317</Corner_5>
<Corner_6>
  418 320</Corner_6>
<Corner_7>
  428 323</Corner_7>
<Corner_8>
  349 305</Corner_8>
<Corner_9>
  359 308</Corner_9>
<Corner_10>
  369 311</Corner_10>
<Corner_11>
  379 314</Corner_11>
<Corner_12>
  389 317</Corner_12>
<Corner_13>
  399 320</Corner_13>
<Corner_14>
  409 323</Corner_14>
<Corner_15>
  419 326</Corner_15>
<Corner_16>
  340 308</Corner_16>
<Corner_17>
  350 311</Corner_17>
<Corner_18>
  360 314</Corner_18>
<Corner_19>
  370 317</Corner_19>
<Corner_20>
  380 320</Corner_20>
<Corner_21>
  390 323</Corner_21>
<Corner_22>
  400 326</Corner_22>
<Corner_23>
  410 329</Corner_23>
<Corner_24>
  331 311</Corner_24>
<Corner_25>
  342 314</Corner_25>
<Corner_26>
  353 317</Corner_26>
<Corner_27>
  364 320</Corner_27>
<Corner_28>
  375 323</Corner_28>
<Corner_29>
  386 326</Corner_29>
<Corner_30>
  397 329</Corner_30>
<Corner_31>
  408 332</Corner_31>
<Corner_32>
  322 314</Corner_32>
<Corner_33>
  333 317</Corner_33>
<Corner_34>
  344 320</Corner_34>
<Corner_35>
  355 323</Corner_35>
<Corner_36>
  366 326</Corner_36>
<Corner_37>
  377 329</Corner_37>
<Corner_38>
  388 332</Corner_38>
<Corner_39>
  399 335</Corner_39>
<Corner_40>
  313 317</Corner_40>
<Corner_41>
  324 321</Corner_41>
<Corner_42>
  335 325</Corner_42>
<Corner_43>
  346 329</Corner_43>
<Corner_44>
  357 333</Corner_44>
<Corner_45>
  368 337</Corner_45>
<Corner_46>
  379 341</Corner_46>
<Corner_47>
  390 345</Corner_47>
</opencv_storage>
