<?xml version="1.0"?>
<opencv_storage>
<CameraMatrix type_id="opencv-matrix">
  <rows>3</rows>
  <cols>3</cols>
  <dt>d</dt>
  <data>
    1.3219179641804743e+02 0. 3.2150000000000000e+02 0.
    1.3219179641804743e+02 2.4250000000000000e+02 0. 0. 1.</data></CameraMatrix>
<DistortionCoeffs type_id="opencv-matrix">
  <rows>1</rows>
  <cols>5</cols>
  <dt>d</dt>
  <data>
    -2.9143947429730456e-02 1.0200750516614219e-04 0. 0. 0.</data></DistortionCoeffs>
</opencv_storage>
